4320268 1805587
25742642 4138968
2886366 1421136
3256363 1785597
3423508 2334888
4592786 2806476
11996796 4257112
51409224 11351743
5513160 2921885
6553197 3258786
14695615 7484633
4470001 1826905
6947399 5591890
3796914 2356877
2785030 1746474
2760179 1621797
4430762 3027802
3841206 2420549
3029522 2000744
2485909 1651521
2865093 1203338
2288716 1537794
3237572 2154290
10631868 5633313
3467584 1557444
11875812 5444208
2946604 1640846
4668646 3209558
7746862 5755880
3563669 1818149
2541644 1446731
2207520 1450173
4764752 3241746
4626432 3083515
3558325 2454752
3669194 2449278
2859276 1838802
3605497 2317994
2446975 1439041
2067807 1280460
2694967 1464524
2146721 1430527
12815932 5550892
3794620 2516689
3969794 2626150
2245014 1395036
5287529 2409661
3025623 1176251
2429047 1340610
2475820 1527910
6261700 4234254
14251490 6332699
6487869 3836586
7062695 5310350
4299384 2333461
3514569 2339898
6608199 4570257
3687777 2429536
4682285 3161073
2366362 1524835
3237721 2015877
3461907 2091044
2059981 1305343
2346430 1525392
7075100 4063064
3450321 2070645
11411048 6698414
6560346 4003899
2138601 1391065
2474380 1401271
10265286 7489701
2453838 1613034
8554349 5330454
3929300 2541481
2419350 1609358
3621435 2077660
2956213 1959729
9850920 6428259
2200629 1421070
2983921 2276308
2146307 1318311
3346600 1903602
12111358 5346490
3920035 2272344
2355674 1347415
2727831 1820357
8683167 5516277
5173665 2345833
3349891 2296429
4177933 2776337
2723221 1787164
3204580 2202091
38805339 20154208
3033912 1841340
7368589 5382745
4504442 3624363
7520626 5629871
3172427 2260205
5853797 3549098
9837573 3492532
3121273 1692636
4105404 2865580
6772492 4634408
12734341 6144267
2632782 1531703
2028303 1355026
2148244 1354763
2877155 1871032
2174512 1309356
1977317 1284599
8956682 5496481
3505000 2363393
3349999 2090909
3099640 2113562
3026769 2032495
2169060 1407487
2275894 1491837
3524119 2426012
3691629 2555978
2252644 1474329
8800296 6133914
3493377 2109837
5866747 2689928
3471982 1606262
2718306 1714697
3636151 2561833
5991577 4550653
8492800 6035246
8155532 6130424
5585329 4108826
2071548 1322198
5360361 3832505
3699792 2516876
3424536 2388110
7099055 5296733
2529357 1394073
2133181 1396050
6666234 3724330
2069959 1361608
3847719 3120351
2042596 1311706
2469721 1609573
4039323 2792037
2435329 1673741
3711415 2534695
4383567 2248555
5305594 3706942
2864512 1916570
2302274 1509647
3408077 2407700
6921569 5160715
2382236 1534886
2844669 1616913
2527352 1387673
2159358 1393814
2107200 1369933
5472057 3428647
2493277 1659026
3745111 2600372
4234011 3423858
2998538 2144461
4865276 1379443
3018840 1944822
3245505 2184385
1383880 951083
6178283 5221886
5190525 2094675
3385583 2410991
4321529 2982998
9146338 6536136
25594763 19312961
25140666 19025194
7870083 1745404
3964941 2830327
26272210 20262270
10025452 3421121
2936924 2011921
3293503 2286046
5788709 4126485
2977194 2011190
3357969 2326820
4831381 3421367
9254733 6214832
3284404 2000695
6415722 4761921
4854919 3627961
2731444 1878677
3485796 2402525
4984559 3507292
3884120 2648652
4248327 2928521
3206466 1934029
2404013 1601128
2539750 1688869
3032814 2054426
3108282 2169882
2362426 1613557
1990114 1340222
4941864 3527527
2180880 1322829
2496230 1463262
2150133 1374586
2679992 1786159
3396880 2325933
12888869 10620272
3936966 2461132
1998670 1264489
7848536 5083101
2624276 1732612
4363235 2218053
3379097 2049711
8914543 4865474
3906582 2216302
2570749 1763657
3558763 2401862
2845350 1285757
9020861 4893333
8801346 6993941
10429833 7817306
3316365 1574563
4205504 2927826
5448167 3801480
4188980 2921856
2633664 977184
9804226 3707229
4745699 3168308
2480057 1392734
8030100 5468256
3674989 1747690
3402684 2452663
2065393 1335644
2987055 1979375
2190252 1438619
8936274 6122339
2165403 1414454
2164936 1396656
10347991 5513245
2686015 1563673
2368146 1616007
2874391 2145850
2215955 1440607
2870911 1933214
9123450 6637035
2518151 1670122
2653019 1585765
2064805 1347036
2215029 1479171
3033872 2088391
2165743 1462986
2836203 1922188
2186984 1433934
2014223 1272884
2097326 1310373
3346272 2474959
1996798 1273615
10172422 5990796
2075264 1313497
2073604 1341588
3542213 2507842
2242863 1406149
1853672 1198089
2195551 1401143
3942179 3117315
5292668 2462326
2167701 1436052
1908122 1181985
2989309 2081546
1907913 1211231
3581089 2459422
3392628 2423314
2657090 1834255
4103961 2852363
4199579 2711523
2387547 1569438
1898948 1252642
2317327 1570639
3904033 2670262
3095189 2102429
1916865 1283386
4670533 3405502
3150451 2150366
4633756 3259441
2135836 1448448
2451868 1703580
2074284 1369400
5068417 3593325
2134198 1376155
2002419 1346636
3682971 2744533
2988677 1952990
3231657 2245290
6987529 3945542
2975418 2064817
4292046 2091097
23603137 17378196
8315543 5512105
3292866 2301207
2019130 1358509
5029669 3596828
7850866 5937638
2955650 1969254
2211169 1240779
6276061 4520925
5175348 2001018
1853989 1215461
2209444 1484033
3121177 2067179
8559535 6412054
5541340 4113355
33861916 21857180
3502815 2299196
4696906 1242753
7183413 5122992
2027412 1282060
2415967 1368765
1915545 1281610
1780434 1183684
2234909 1533509
6174357 5222006
3284934 2046527
2089050 1424748
1865038 1208335
2729078 1895257
3453104 2490327
5910402 4407888
2871805 1579654
2734665 1957439
2400387 1709381
3907260 2569254
2524885 1744405
2205992 1521002
9838073 5375338
1982213 1384684
2522106 1784377
2112589 1486897
5124173 3675756
2039348 1323946
6007816 4233276
3212379 2183471
2426348 1682824
5023215 1967240
1903982 1322271
1864507 1215384
2912535 2054713
2233208 1475527
2873021 1874147
5560170 4041913
2002366 1313443
2079662 1429447
1920972 1265364
3131695 2207090
2774734 1945069
1874992 1218128
3048630 2168726
4000876 2627263
3455632 2448802
1834174 1195143
2724208 1941592
1862581 1212385
1743108 1166053
1947164 1248299
2045842 1272079
8054190 5951322
2279329 1309200
4522663 3076494
22311616 16972361
2554329 1522688
2683387 1911510
26384527 16377215
7329828 2721086
3087275 2193415
5441951 3978506
2155564 1486428
1941439 1328682
1862919 1266688
2232850 1512494
7467851 5346748
3164349 2021796
2878572 2276525
3506134 2675371
2146888 1305896
1878949 1244184
2053739 1319475
8296959 6059635
2427509 1290543
5160011 4220985
4773149 3456362
1889751 1191160
7292809 5355602
1960809 1307006
2962529 2101502
2492511 1449120
3451263 2422767
2930331 2057514
1772913 1176850
1785772 1218045
3541408 2552969
2812748 2020372
2965845 2095789
1884672 1283029
7279581 5386985
2238342 1288843
2243202 1547242
4240979 3022246
2217426 1381274
28826837 20296862
3955226 2705291
1880653 1288009
2812757 2082388
3363777 2448759
2821812 1974231
3360663 2368154
4242107 3081474
1922940 1275469
1810681 1178466
2087156 1169885
2733820 1915236
2118795 1328016
2558054 1800776
4768943 3461493
1845736 1195117
1757053 1210016
1845430 1197466
1875124 1239189
3226175 2269260
7181142 4073952
6107615 4491030
3985291 1978940
1769019 1166326
4007568 2288681
3412828 2398232
1944506 1323479
31445886 22448089
2230632 1573221
2436656 1436341
9634741 5993612
2264342 1554946
4317647 3170240
2347498 1579556
4987771 3667596
5802847 1688703
1621540 1115496
1720353 1116353
3180953 2340389
5695969 4230718
2287498 1570520
2081562 1465388
6182326 4613629
2933017 1839403
2744757 1959328
5417962 3942602
2671083 1798105
4637837 3462494
3272971 2382673
1860373 1259417
7813356 4696285
5234339 3613974
8319313 3970170
1968650 1257078
3692959 2712085
2430193 1611957
2954657 2113040
21685456 16484706
4781287 3369818
27608152 21573464
4102120 3049386
3478708 2814750
5518417 2560708
3185625 2285187
1941046 1312288
10560372 6154928
1957241 1328223
2926897 2093196
2254387 1284923
1812911 1186259
7233676 5274532
2159206 1416243
1698623 1140208
2765837 1935132
4119679 2877666
4915143 2839148
2608222 1521350
27639843 21880825
4249968 1944945
1853094 1187961
1758852 1148332
34049485 28749117
3466630 2308376
2365929 1668635
2175991 1554020
11826206 9533535
3056435 2131003
1989311 1393237
21894623 16547010
3803515 2603504
9316389 5511032
4404724 3614749
5613928 4184334
36697806 30737316
7820431 6583958
4067210 2765633
1797929 1211426
3441503 2450947
4847782 3917241
2112810 1434295
2172418 1486911
1848878 1228280
2102534 1191388
3114941 2197088
2090049 1321999
2620720 1986068
3646215 1858962
6060823 4493667
2227656 1495210
7974849 5346491
2088966 1376500
7185851 5240290
3362098 2341962
2503605 1526174
1942199 1334883
3330798 2403259
6221775 3027192
2737856 1827960
2188911 1528422
2179028 1447435
3110869 2238176
8489824 5124562
8383293 6132884
2006745 1357778
2121402 1244734
2120197 1448121
2179622 1451476
2567097 1784422
4236893 3155588
1960627 1248006
3500135 2522532
1760166 1176737
5272111 3817396
3529436 2325976
1720443 1164620
1695602 1121697
2140697 1478844
26513299 16341177
2445461 1518501
2066865 1434668
5585903 2832867
2138002 1428438
3527148 2534899
3170397 2257913
5335241 3925636
2349320 1322450
2025172 1353241
2762815 1935269
5501516 3992112
2632957 1772032
1903574 1283220
1786514 1217141
2413304 1652538
2918923 2067318
2144763 1223539
2834867 1988180
2137988 1428456
2126021 1445926
2221426 1491293
2990669 2101812
3026436 2144311
69242047 63171147
27982545 17090446
4397001 1558432
4178012 2807983
2012594 1294086
2709510 1848422
2685888 1836370
1633394 1034795
1718432 1156171
2098833 1452881
2682523 2000429
3388040 2453866
1995223 1399088
4299544 2827734
2963403 2097117
6911112 2961474
27417492 16609387
3434265 2289618
1793859 1164171
1781217 1160206
5926272 1199020
2057131 1407673
6412806 4802830
5943189 4414756
3163211 1918696
3383348 2463391
1738129 1163789
2813191 1999686
1857322 1215366
1757599 1161198
3412262 2467234
39427259 26182423
4603273 3102545
2147455 1447704
2045392 1401396
1731032 1181864
2833485 1975470
2035484 1329075
5978921 4454734
11208834 6233445
28377437 21076416
3416137 2279931
1788973 1149229
4459676 3140705
2999458 2098215
3961037 2897960
1843125 1219100
1996969 1302727
1955803 1330396
2627758 1818771
3490416 2350249
2404955 1704476
4731703 3472212
2698852 1839448
2737239 1947084
3277300 2357022
2795003 1965007
1673593 1112098
11267854 9405555
2633360 1623118
2362436 1609953
2390656 1666703
2302590 1535378
3244648 2298221
2887702 2000655
1991818 1102011
2877133 2021170
2413196 1589779
1885796 1214946
1703555 1108580
2891087 2058990
4729781 3403014
4161666 2745100
1933167 1243876
5801981 4276383
2691046 1827242
3008329 2164606
2350541 1335942
1714229 1065160
3875008 2743613
1802365 1131808
4785010 3773988
1950855 1108733
3063723 2182251
2360807 1559501
3956718 2644496
1681131 1057552
5866476 4287891
3145419 2209544
3992885 2848314
2781132 1906044
5269524 3900193
4053234 2531273
2821083 1998635
2722713 1853114
1805346 1209465
1833148 1242069
2159586 1533172
2773982 1957784
1777852 1172035
3682004 2440444
4234796 3130652
2043770 1340930
24992904 16236610
2552090 1558357
1734172 1210483
2930998 2037668
3359308 2348534
3994348 2861620
1925241 1217735
1699449 1086828
2474588 2122886
2281827 1601003
3836137 1045421
1537633 1016921
1602129 1042081
2629957 1945348
26752894 16319864
2356434 1380568
1812286 1246227
1755774 1098267
2222641 1492651
2515693 1735272
2656852 1897906
1700522 1118112
1790698 1186799
1558361 1001246
1574679 1010340
1421815 973198
1847424 1028768
2257618 1501971
1472782 979131
2488988 1740604
3370786 2378789
2457992 1493915
2612560 1782745
8176794 5996076
1777592 1186785
1181694 800302
2005412 1314066
6255726 4426589
2717891 1833329
2118395 1489369
2721010 1915109
1807916 1184281
8560101 4412032
2118091 1153882
3104865 2197968
3228584 2239597
3103311 2275712
7942505 5932549
8432085 6149780
7442216 5200610
4401720 3045318
2086071 1369967
1700657 1097896
1809449 1208413
6364260 4739290
3080194 1957571
4761027 1966364
9242465 7826542
4738714 3438801
3336363 2330919
1818131 1208896
1858449 1202516
1713588 1067520
2774629 1730804
3580032 2540025
2925235 2093435
5240087 3673869
2006959 1271940
7265302 5295557
3684100 2596070
3226139 1998104
1996997 1359781
2010470 1354323
2746130 1917051
4416351 3247314
9532407 5897233
2118717 1138608
1660738 1066433
2381024 1674235
2709558 1845745
6961471 5145170
5747987 4173286
3054740 1923250
3450122 2891281
2421183 1747352
4318928 3188806
5463320 1754151
2492435 1701551
2492214 1697704
1774214 1171667
5909435 4313007
2589960 1516642
1773073 1181872
1992061 1317363
2148149 1474467
10037339 8106394
2123654 1361082
3509054 2551852
2510959 1441463
6419210 4607540
4785162 3490360
5353882 3864555
2781478 1899759
3223301 1287270
2778586 1711252
1944856 1207014
1892122 1238211
1697947 1136362
3883414 2777041
2310311 1505524
1913800 1315303
2020444 1341329
2425679 1591737
3135044 2184503
2018514 1083074
3147760 2273010
3791103 2673854
1653241 1047280
2251145 1534248
2164052 1476452
3888079 2877219
2136224 1509788
1805015 1190080
3209573 2256877
2327013 1249057
23254900 18047867
2457042 1476888
2356198 1597313
1804745 1183142
1837576 1200268
1921650 1271597
4300902 3133114
1889800 1251952
3257899 2333886
1843667 1146148
2719651 1647566
5768017 4189801
3161738 2242750
1851560 1245597
1702963 1085593
5865697 3239685
2101811 1201335
7256447 5319672
2034819 1344710
4321538 3229554
2471461 1697363
5355073 3984346
2647301 1573989
3898635 2855695
2195730 1473773
3902063 3112917
3046318 2123641
7434398 5328746
2072721 1169663
1632597 1042420
1673873 1045698
5824078 4267186
2560851 1730049
7947653 4493075
2533650 1752389
10132749 1355045
4014515 2532207
3294291 2322978
2195498 1485606
3523539 2472624
2627952 1821672
2142917 1446870
5266589 3876603
26759602 20725681
2493922 1432353
1758500 1144258
2673502 1244037
7129981 5173485
1854746 1179901
4390500 3262501
2923798 2016429
4021283 2670508
1727901 1157921
2609507 1829732
7370607 5378325
4935197 3547329
4382507 1691810
6062386 4840625
2507672 1730823
3476388 1714932
1741109 1106534
7049559 3415702
1769698 1170072
3758174 2725194
1870372 1170582
1706167 1102113
22056048 16529144
2200947 1476647
2521538 1553436
1802039 1179210
6032262 4415609
2171450 1456227
9503665 6029523
2184928 1267702
7014638 5335624
2129445 1373461
4816317 3451846
2406812 1587258
3128470 2477299
23191053 17659143
3906454 2612691
1774114 1190316
5994620 4434311
1819354 1160929
11682817 5804296
2422711 1611651
2073963 1205093
2954883 2104075
1763561 1129502
3091570 2538670
1607128 1058009
2412686 1644970
3215514 2359303
4169536 2909465
1712673 1117487
2179164 1866647
12005601 10585138
1873881 1167209
5807598 2442514
2138146 1440898
2609114 1747761
1899891 1258278
1922472 1039699
1755457 1058605
2947130 1849943
1812702 1178164
3629148 2556156
1711375 1085086
1782094 1088663
3678798 2597285
3228321 2264497
8420107 6693024
1856635 1215588
7247208 1943140
1925742 1296258
1990863 1317953
22114765 16843975
3622136 2353033
3797637 2741095
1864829 1195362
3216432 2463942
1772592 1193944
2532739 1782581
1817763 1153750
2645343 1839273
3928805 2788700
2005697 1093772
2554223 1653008
8133117 5939648
4554352 3814065
2453311 1642411
31510051 21182878
4830680 3290991
1816109 1243424
5679643 4113068
6144769 4499319
1731485 1069994
1595040 1044597
2101116 1405456
2348475 1348366
2731677 1909945
3749847 2699150
1689378 1052232
4732741 3467273
2027975 1294556
4343821 3228165
2388909 1399662
4061756 2993844
2671333 1783529
2539826 1813756
5594305 4121112
2240593 1510437
4143455 2981625
3036581 1850851
5518312 4085225
1750094 1117926
1567591 1093554
21647232 16278964
6367450 4506723
2707914 1861699
1635089 1071313
1662541 1108434
2950107 2004406
3273426 2286705
1658909 1036840
2601349 1728837
8070719 6025158
5130715 3460661
5475042 4055175
4144047 3002585
1640514 1026757
1540677 983812
2076366 1392610
2162254 1505226
5004872 1624515
3067609 1908674
3454212 2515249
1797386 1109366
2212369 1515754
1788040 1156664
3007483 2095516
2143726 1439456
4115854 3023164
2234223 1624428
1556633 1460263
5143062 4177439
2100233 1386795
1520583 989145
4006624 2830194
2208209 1456828
3184214 2309370
2708199 1673141
2074198 1402129
2564936 1797452
2144015 1437803
5905197 4387516
1719361 1107095
2703618 1915036
1793172 1184013
3983170 2840816
2310939 2018232
2884148 2475718
1312278 1187535
1240205 1122960
5301972 4958549
3166422 2295356
22325804 17234436
2546493 1587917
2489991 1701332
4737885 3379338
7080896 5130548
2211456 1260170
1906867 1261921
2057956 1390297
10029086 6356286
2911812 2056234
1939808 1289105
5431506 3960660
2042015 1109473
2997134 2162981
4550084 3292229
3289755 2311729
1917474 1364011
2778540 1944530
2450752 1645787
6989092 5180111
7148759 3466093
1767219 1113054
2438888 1645549
5279016 3867823
1429632 1279776
3213038 2408309
2699771 1876744
5782972 4328155
22447913 16763126
3923580 2621655
2618870 1829864
3164904 2303547
9001110 5055106
6610146 5220582
2775103 1849202
2844768 2042948
2806889 1698684
1760655 1115136
2288618 1499916
2687930 1904388
3886180 2757960
5072814 4340988
2103881 1430123
2574333 1793106
1727284 1095202
5790674 4244890
5441713 3731005
2461298 1655891
7204701 5275229
1829824 1200681
28355049 20947141
2070638 1444356
2582232 1603267
2383221 1667639
2169598 1472060
1765502 1158226
3522727 2614516
1794908 1117587
5169812 3809362
3296121 2606314
2454739 1684281
2503992 1140741
3360850 2413003
3346762 2383580
3914232 2753879
8925668 5434521
1736064 1094105
21176393 15955847
2453215 1459249
2907466 2324732
6205027 4459753
2102955 1372736
3786672 2730280
2057875 1084776
6933263 4054501
1675126 1063186
8483308 6270399
2111771 1170259
4306560 3247634
5048697 3695095
2211402 1467960
4787089 3386395
1842729 1107993
4878887 3368601
5438408 3985102
3084282 2097578
1664877 1070096
1722713 1128324
4648750 3359870
1942999 1119490
7829068 4462697
4176805 3003796
7188390 5254618
7132689 5185969
2452221 1464673
8300424 6120765
4423033 3535418
2741224 1905459
3677197 2662363
4676220 3415557
2019434 1120004
5445899 4004628
2756726 1894954
2618943 1817751
1881554 1027491
2007554 1310769
3179549 2292473
3396644 2189054
2238412 1414222
4155994 2952900
1695953 1072719
1649859 1066811
3157803 2236412
1673206 1071944
2007359 1129683
1564504 1010957
7117750 5282968
3587293 2852809
1629714 1087017
3714935 2741038
1696168 1062451
22045253 16740227
21160757 15811227
3583598 2321582
2053601 1391933
1681262 1081933
3589613 2507020
4902177 1771687
5412658 3972339
2766713 1976009
2805395 1941093
4069539 3006526
2080012 1141354
2955284 2071946
2474616 1697619
1713678 1083203
1789587 1169412
9064751 6780177
3625083 2588012
7385083 5311767
3187506 2280636
3388094 2449475
28599939 20796299
2502435 1553119
2203030 1537381
1599686 1041103
4599935 1372355
1920821 1206646
1660927 1025473
1909975 1246852
2578214 1772331
1904446 1229045
2576415 1808698
1999938 1060548
7918480 5883583
7158191 3876151
1810816 979214
1562479 1042055
1542784 987682
1413141 1276270
6660064 5274140
2432143 1636160
4619642 3772622
8694781 6118867
2325764 1587865
6640422 4885615
2489776 1404603
3110879 2220419
3962513 2806517
2053223 1360375
26522922 15966021
3305149 2167704
1663048 1072580
3858736 2735104
2029393 1288103
4286872 3141720
2154372 1524463
5510455 4509891
1761477 1221971
2468778 1736667
2202893 1883953
1322019 1190962
2588928 2201226
2557276 2193107
5559050 4555898
1993992 1294436
3109563 2578203
2692125 1793405
6514432 2981146
2863124 1777522
2231442 1536156
2276326 1589110
1895236 1238360
1654000 1079881
3028021 2195893
2705678 1769417
2050302 1386748
1941245 1271841
2069734 1360692
3109515 2673235
3917105 3260717
5368945 5021148
2579633 1720685
1698223 1115087
1708105 1101010
1810698 1216532
2583134 1798106
8572633 6052160
2113049 1409803
1668490 1089879
5679195 4208167
1991223 1086801
2313290 1653909
1647680 1081364
2471408 1670008
1849936 1251710
6727204 5264928
1799605 1213397
4759665 3487909
2472544 1721310
2446793 1648489
4287710 3178800
1799814 1170140
2861612 2021788
1686707 1113708
5331885 3878139
4792683 3232168
1940029 1710675
32858993 27444614
2730153 1707262
1630959 1067321
2987245 2067835
2163845 1461974
4318535 3102791
5060138 3630741
1703140 1069749
1830635 1198068
7443635 5297170
8037511 5926773
8596756 6321771
2171379 1206714
1785607 1202815
3790786 2759240
2785409 1915695
2011268 1403613
1610257 1040128
3260315 2264508
5813915 4307224
2971822 1816871
2087555 1428188
3217108 2380443
1570284 1435903
2414731 2067871
5312793 4349055
3324528 2262021
1585626 1122748
1246196 1125803
2450129 2081157
2224334 1885705
2060735 1500620
5179721 4198163
25406807 16634047
8644085 6109408
4536767 3297394
2007768 1339999
1780470 1131196
4992924 3844392
4617220 3214203
3802542 3146600
24810199 17601167
3366763 2207829
2503976 1757756
5502534 4042844
2083242 1370604
25224555 16364620
4742001 3238358
8373707 6145571
2122909 1439660
39268194 24473482
2446214 1484804
6985344 5176394
1799177 1174422
3178197 2285348
1620962 1071046
1672359 1060613
1560308 986901
4635047 3424426
1787311 1039299
1308702 1187333
3584867 2665093
5131197 4134182
1839601 1180866
3442628 934303
3696054 3025677
4331921 3632489
4695938 3467432
1746451 1118369
7049687 5254080
3807696 2657775
1659754 1109199
6600702 1105011
3105634 2172793
1876704 1261492
1788326 1216612
6430483 4695048
7168951 5206489
4708869 3227453
5862191 4228835
1889203 1279088
2719638 1902422
5698953 3031693
2166162 1427196
2464084 1506042
1936355 1300589
2763747 1947420
2020128 1328203
3458268 2514811
5371188 3910600
6268451 4546177
2466306 1410928
3662112 2486530
2234130 1475205
4763758 3451138
2115381 1388758
1710856 1119439
4573394 3291315
3797195 2679928
2128032 1239893
7953776 5901933
1839075 1212504
2653044 1914616
2601607 1792823
2663621 1829108
5880472 4306143
2075697 1173771
1702110 1074207
4115253 2943740
2775936 1908312
1951114 1323705
4050176 3011803
1585733 1054520
7416019 5433941
2042675 1152757
11669877 9584015
3886749 2767307
5218397 3897817
2096051 1183785
2016211 1417235
5169550 3818796
4672824 3310095
2761843 1938057
1724853 1117799
3382661 2434582
4794806 3442464
1489223 996680
2143597 1853564
2449724 2093177
1347532 1233286
7617941 6025137
3441239 2240538
1609721 1075132
2108612 1544899
3751613 2661257
1681987 1103821
2918830 2331541
5834846 5572490
4040232 2958504
1844057 1242370
2955223 1890102
25489505 17319145
2520408 1517174
2530280 1766581
1694383 1106507
22359867 16990376
4484242 3046953
2260055 1581957
2630341 1823949
2055393 1422732
2960600 2073247
3284840 2304786
1637623 1050800
1597651 1018986
2832975 2056764
2888212 2516709
2191945 1868255
1708948 1530309
4238069 3433428
2846734 2072823
1203919 1097649
1312432 1178878
1345899 1234270
7870278 6163246
2101682 1174353
2551447 1766554
2775778 1950054
1560151 1393019
24775542 19566225
3186465 2048627
4287987 3277837
1650674 1029805
1798939 1183823
1690493 1117228
6756904 5068696
2113564 1390148
1924989 1015637
3049401 2148197
3014368 2485211
2749585 2306853
2112862 1427117
2110503 1881628
3319018 2846619
3158048 2619980
2809566 2337906
1415515 1282944
1544044 1402484
21587318 16665055
2684839 1713407
3211585 2318377
1702775 1066639
23279433 16387995
3014813 1902943
8310396 6129872
2479156 1652334
1752575 1120978
3649381 2617619
4317320 2996147
2933037 1795956
2871312 2097656
4127935 2950242
1709130 1084846
1655891 1046105
1723305 1513318
1299054 1181148
1805266 1605355
2307639 1997165
5885358 4774057
2783957 1926954
1283160 1170695
1345494 1234077
2434138 2093362
2837435 2335782
1390743 1279592
1913429 1777995
2143604 1834642
1390128 1257631
1768023 1577201
15512232 13888310
2827667 1961120
2709396 1978815
3521461 2301918
2251982 1476498
1640406 1058033
3722458 2720216
1751945 1530140
4949575 4023393
4965948 3987778
2966815 1765505
2540584 1792727
2051661 1373781
3431499 2470692
1789332 1197021
1258366 1139993
4531095 4144030
1804373 1578289
1255201 1114395
6732389 5313835
2030623 1125219
1616567 1075796
5317274 3870972
3604908 2567815
2679792 1921746
2585733 1769349
1568953 1004626
2032033 1322983
1692655 1115592
1966829 1276040
3112620 2048854
1246772 1148885
5820077 4702300
6148117 4528416
1784202 1124436
4119787 2969581
3516702 2279164
2780352 1961699
1768246 1097140
1211279 1118853
7596887 6074248
20889057 15759092
23095947 17706662
4438877 3007142
5960453 4600159
2510698 1693787
1720590 1183685
3451812 2713590
3208820 2261050
1660448 1090572
8168787 6047244
1997978 1102688
2546008 1796114
2105028 1359994
1728369 1123782
1592944 1033607
1725992 1145487
7098355 5291209
2679596 1864122
1961768 1088988
4995712 3891486
1767225 1139536
1704388 1092388
1957039 1316736
1765367 1227357
2160772 1887967
4192319 2995980
2157880 1333320
2855637 1800592
2705123 1907285
1964904 1282352
2243639 1577094
2909266 2070440
2003551 1357330
2610347 1828704
2719985 1962246
2239899 1487387
1452400 963399
3015628 1869392
2849329 2024924
1518764 975008
4856855 3473548
2431829 1654730
1667960 1135523
4643050 3388892
2001389 1301538
3449701 1483082
3377040 2215669
1905496 1246543
1624236 1030132
2382598 1639380
2103005 1823950
7750381 6018098
2867298 1995611
1671431 1128039
2052328 1144310
1605286 1052306
3114993 2310117
1757576 1148104
4219032 3099627
7648120 6023856
2074943 1365330
2933314 1843953
2459379 1742115
2508438 1659536
5278608 3883508
1775750 1159677
2263548 1612401
2987639 2110863
1719200 1073269
8844330 5404357
7250021 5096390
4444136 2663301
1650278 1047411
3047627 2079751
2109902 1442347
1252738 1143721
2797116 2373375
3745229 2677355
2325018 1373629
2784794 1971458
3847314 3119651
1427850 1314702
2673363 2239909
1402872 1255767
2307366 1937724
6438919 5170993
3310309 2207470
6002903 4415142
1732161 1110660
27235536 21336813
4800959 3339216
2374901 1631107
2822365 1893627
2459471 1733187
1970494 1310329
2668181 1899164
2052049 1402678
1872400 1648675
2827600 2422930
6217308 4017983
4764374 3237194
1727916 1127344
1812653 1205561
1564310 1021230
2447261 1729781
1508560 1031575
1432286 1308427
1916197 1624114
2643814 2192132
1739721 1547114
1964991 1799736
4366703 3505823
1996467 1438021
1561614 1398529
1415678 1242203
2531769 2150098
1622648 1474048
22312035 17283086
7557076 5474084
2100870 1384140
1828696 1213420
1758198 1178122
2786963 1914070
3185611 2285884
27317311 21363385
4490529 3114354
1816949 1183716
1941933 1311011
2845005 2045356
5985620 4448733
4805218 3502802
21446071 16347122
2577775 1604773
22995235 17475574
3241327 2101598
3120096 2240238
1739359 1124544
2844158 2025485
10011428 5160490
2061008 1357213
2195140 1302312
8524267 6436120
4493651 1812705
3163100 2289040
4706176 3362947
2031121 1187442
7031393 5125897
3298606 2390301
7166173 5208268
2154775 1188916
3239803 2289189
1748583 1140742
3974916 2771713
3313034 2710268
6070947 4515546
2492338 2133670
4046110 2646765
4205613 2949627
5855653 4318846
3933017 2810545
4187280 3102638
2487709 1429712
5527983 4071716
2842697 1978852
1571930 1031005
3219212 2335472
2900338 2050931
2253422 1549679
1701049 1117141
2819820 2300149
2183808 1950900
1317668 1207184
2290305 1955774
1364019 1236519
1225275 1127763
3735810 3086090
6838201 4368263
6614034 4630508
1856103 1233540
22033151 16848282
3291102 2127088
3708135 2829564
1675707 1115130
3077955 2204877
1778075 1158069
2145224 1360109
2112646 1470843
1993376 1335925
5827255 4632983
2800230 1743253
2730035 1908698
1771533 1194222
3077862 2177504
2358364 2030419
3444849 2858353
2471179 2099310
4045494 3338183
1830850 1614563
1696395 1577938
2041689 1755840
1307295 1212688
3377160 2764456
1345646 1244097
2277787 1940370
2899065 2427447
3178061 2624820
1244468 1155202
1285123 1168511
2659631 2347207
2474797 2145928
1434506 1300472
4080513 3362714
6904412 5516438
5878703 4388054
2115070 1136792
4840409 3616977
2233530 1528789
1603481 1031538
7168713 5229536
2423622 1432795
3856584 2803560
2517805 1705687
2085131 1385405
2593957 1796285
2558559 1790914
1812543 1212518
1578783 970260
5151281 3767697
3980149 2732609
2710889 2316850
1626574 1453751
3886125 3171643
3396768 2813155
1718630 1552009
7930086 7621627
4433156 2935696
9188520 5271395
3665563 2344320
21132647 15877699
2365923 1437716
1732177 1185716
1773063 1136514
25486528 16411493
2831529 1782416
2928817 2100294
21925395 16751398
6305801 4502271
6109239 5161255
1633129 1086702
2652478 1801351
1825125 1215883
2604081 1817347
2696285 1913661
5717288 4311044
5066567 3418457
2595973 1842686
4041356 3272238
4856209 3523775
3181679 2258723
2376189 1484863
5901131 4338762
2373104 1401608
2952009 2093633
5832265 4322762
7362473 4197452
3961315 2769234
2614805 1552787
2903179 2062598
1846324 1243060
1627173 1034190
3793493 2720221
2486271 1664318
2844460 1999196
5758996 4322488
2075425 1214561
2901640 2106774
1601191 1079081
8380516 6130088
2117969 1422934
2324126 1660923
3785065 2792205
3625699 2462778
1648501 1482317
6935980 5490152
2995676 2144098
1818973 1215373
2010990 1337568
2310709 1762924
2666308 1688940
7084989 5240923
3767052 3024666
1691351 1146951
2169936 1478056
2706964 1892804
1779155 1303519
1360621 1252452
1622896 1521662
1452556 1316139
1314615 1212781
7090444 5610376
5134250 2313298
2117385 1504724
6760205 5314642
3364361 2162428
1983625 1375256
1819905 1222389
3117619 2258465
2721222 2338562
2121688 1849122
1277603 1201669
1582355 1416703
4914761 4028536
2208495 1360288
3975052 3320653
5867993 3991668
2186584 1509862
5936350 4317985
22454858 17126577
7790938 5485004
10754518 7171061
2161017 1425378
1560055 1029000
2715997 1873152
2080296 1098820
5536420 2913457
2981277 2087315
2564379 1818125
1864884 1198344
2516066 1732066
2019883 1380750
3041421 2144622
2796325 1982459
1992399 1102349
1577206 1013966
2677139 2253604
5875398 4687657
2027577 1323923
5611853 4254754
4579373 3351522
23874289 16308437
7596886 5373818
2959006 2057852
4989625 3642009
5678828 4210186
1785347 1137058
10417500 6119362
2681242 1892849
2433382 1702855
1713922 1080549
2600498 1734258
2740155 1983789
1860752 1306716
2000805 1333631
1816803 1013000
3985918 2930805
6892931 5591124
1925804 1133368
6943818 5228773
2372781 1405744
1582714 1065023
1608739 1098313
1608162 1025611
3044539 2127530
2471308 1705728
2394513 2008283
1324275 1210174
3573930 2999479
1512691 1397207
1723384 1594206
2652201 2282685
2601902 1778542
1686023 1109203
2515317 1769887
1717135 1158479
4206977 3072534
3793212 2675415
2115002 1142899
1581417 1031917
4912545 3692494
1662121 1072741
4449321 3777305
3266337 2312679
2588753 1797372
3707696 2667996
2406671 1393157
2689442 1920908
5665311 4642655
5898829 4339126
10636448 8791774
3223225 2024378
1961372 1344353
2281269 1575174
1934834 1315817
3422869 2571107
2817980 1985709
29796728 21052579
2678182 1705838
1880774 1241377
7157570 5209415
4445175 3205709
4276448 3182802
1694693 1069994
2265302 1342531
3419005 2479838
5173682 3766009
2669607 1882245
2096783 1453393
5662511 4207620
1413663 1316975
2167732 1873264
1681002 1589183
2708727 2330792
1284530 1179659
6885518 5417106
4718396 3364482
1555075 1014634
3233530 2092979
3508564 2556780
2393636 2060722
1447123 904951
5163966 4186033
1717448 1086726
26089859 16589665
2821082 1790270
4094085 2980247
1639380 1048733
2460383 1724175
21764326 16456082
2523636 1521172
4692250 3379174
5292618 3831333
1844304 1164190
4156246 2987489
1922190 1320749
21692024 16413822
2881074 1790104
2716287 1947085
3135742 2237027
2015849 1346736
1471617 991529
2082522 1441343
2904824 2098756
5306651 3944095
4671806 3455692
2073023 1169783
1914360 1273364
2163145 1114562
2639533 2219761
2535629 2195890
2251745 1958100
2700434 2291579
1333192 1220237
2855848 2465590
1549659 1394314
1998288 1743547
3816685 3260853
2380311 2054494
2245348 1954847
1709596 1510641
1436405 1321964
3771574 3174992
1742653 1563426
3291210 2763173
4064723 3967179
2968229 2625450
2814423 2432693
1265904 1171021
1583952 1465951
5908130 3556884
2119863 1456927
6067065 4531127
1771885 1027328
1920044 1298276
2885118 2410979
1382013 1285914
5175028 4229375
5977829 4508029
1742837 1189002
3451146 2513871
2540690 1545424
1729168 1115415
4377850 3206630
2063846 1338293
1541470 1019228
2471986 1731496
2595798 1797322
7957467 5860072
1844031 1736680
3352848 2782920
2940213 2050981
23960108 16472756
2729716 1726228
3174668 2301282
1681727 1105597
1896295 1296025
6322875 4727952
2182751 1464629
2478578 1702020
3149579 2309016
1465272 996648
1556276 1454739
5290160 4269020
1959314 1273177
1662461 1119771
5203393 3818708
4855269 2003228
1759736 1161639
2252132 1328016
8288651 6070527
1841373 1217071
4022730 2916360
7351996 5338919
2068899 1121284
24310556 18723007
3626970 2491530
2087777 1408719
1930732 1260233
3176562 2253176
2592897 1767877
4097668 3036895
22162794 16754568
11303207 6346904
1924825 1276638
2924220 2094746
2884795 2027273
4704743 3511019
1789823 1173975
23999120 16532389
3511474 2364227
3725002 2873179
2051313 1438013
3101982 2203787
2899046 2063692
2000115 1340034
3547806 2476925
1683206 1123977
3695629 2664514
1730968 1574824
1381634 1275995
1293140 1172872
1247352 1158062
2717164 2306430
1325726 1229240
1564570 1409603
1404215 1279140
2040354 1780106
1816098 1619422
5482654 4482458
3024522 1976840
1358774 982316
1278941 1185386
3285945 3180777
22862960 17314855
3685989 2473117
3403952 2433489
21637028 16319576
3099841 2040091
2049064 1408951
2670909 1882724
3170151 2226758
2591466 1832103
2783493 1830704
1752984 1134606
5144469 3799784
5662318 3907326
1839299 1175819
6101390 4463822
5443952 4118600
6132742 4296127
3593971 2551243
1680214 1516487
1237572 1145559
2493014 2148496
2036116 1850415
1529440 1348282
1629922 1046517
7052410 5599863
2664668 1814638
1863449 1271398
1643956 1064932
2352954 1346836
1719072 1147884
2659488 1975374
1315977 1212422
4252474 2423949
2170194 1538695
2223813 1916603
22531317 17597328
8703007 6212899
2607037 1749284
2713433 1951357
1580698 1004945
2708579 1933515
7404508 4470205
3085228 1919343
2986387 2123241
4389015 3256625
1601792 1016069
1423587 1037115
3438507 2831750
2446057 2114618
4331390 3591060
2793575 2355785
1292742 1178439
3158367 2320610
2164840 1491645
1788531 1167185
1911741 1659794
7632781 6013522
2497609 1489519
1642326 1094280
6358888 4745935
2080454 1406496
7189431 5288332
5209031 2187642
3948168 2602024
3197169 2280874
2328559 1641364
2571794 1778223
2471619 1746703
1942882 1321229
1857884 1226006
2473011 1726924
8782858 6410464
2755945 1947272
2715207 1976507
1956141 1341441
1694972 1121351
21424513 16207976
2983841 1902703
1636047 1047667
2517577 1760208
1658665 1052356
5242580 3840086
21826263 16569014
5469817 3811108
21156084 15987296
4656855 3212229
29923321 21612248
3856217 2672363
5133401 3752308
2442169 1640512
7196977 5361920
3499604 2486082
2736028 1696117
1666312 1055722
23171117 16250395
7398479 5298198
1762374 1148220
1940068 1338043
1316907 862125
2065101 1399936
2924738 2110461
1973006 1327409
1651082 1083665
2272472 1313559
4108403 3057510
2884104 2453260
3363018 2779010
1312503 1209152
2891361 2453041
2225704 1918769
3195225 2277285
1572244 1132965
1752083 1639304
4001910 3350866
1282898 1184157
1764403 1590056
1202064 1107288
3960210 3280400
2166426 1858340
4515824 3660830
5258229 4353759
1743135 1220402
2307464 1600155
5205882 3783411
26940178 21033073
3293772 2158692
1758820 1134844
2707455 1628857
23705206 17932939
2407630 1471564
3175968 2256899
1668038 1087653
49220455 5868394
1780148 1123985
1980134 1344636
2840725 1993981
3007071 1871837
2760761 1969852
5191113 3789352
1709158 1107611
3347993 2495196
2540724 1783257
1682539 1089406
1552751 1030572
1599718 1083043
1451173 1349380
2714534 2350809
1370656 1220604
6682735 5255794
7981627 5930297
3283526 2394627
7467055 5201856
3151237 2261741
7972620 5894825
1800585 1191586
6303835 4469585
1985351 1319133
5812603 4292734
2137558 1222526
3025066 2127281
5398776 4406566
4701368 3394202
8051452 5938022
5602562 3875799
2031304 1280550
2548318 1775137
7927508 5882250
3088436 1945886
4003650 2943293
6017407 4418614
20768826 15670812
2434010 1497744
1562417 1029862
1984325 1392590
22251783 16947200
2829664 1776063
1704399 1101729
2241864 1555664
7015000 5088587
2739172 1945986
3111846 2311978
4133333 3052183
2362222 1344762
4504673 2235046
1701438 1097704
1938197 1303198
2506345 1746410
1608116 1081394
2398366 1636573
2879813 2047987
1634899 1082795
7832298 5859229
2911805 1812459
7466288 5552883
4835061 1974453
3121155 2239494
1562740 1017427
5337980 3903695
3150157 2013176
4597305 3365331
3298282 2347566
5143972 3774099
1754126 1184335
2584012 1810116
3011954 2181345
3150576 2195481
4029462 2643638
2678848 1894929
1346523 1145700
2225283 1934110
3128233 2647150
1599065 1454102
1351782 1234560
2510077 2166609
1929466 1368512
3479706 2386248
1356704 1247499
1952215 1695089
6751516 5386824
7252644 5267319
2379153 1382811
1661949 1120398
1658533 1123571
1761494 1204130
4196280 3018459
7052318 5210525
2317682 1989425
2689660 1662795
1691849 1058923
1911748 1267581
1747507 1292517
1213586 1123510
1282063 1181211
2215345 1918496
7128872 5636459
2046961 1123112
3111824 2270637
1861981 1264401
5628818 4179015
2176173 1401226
6213438 4683293
2327748 1518926
1829973 999148
2136626 1490329
2009776 1356764
2608281 1827505
5828536 4323143
8762288 5364252
2943542 1856105
3159667 2312496
2131752 1429487
3961092 2811695
1715173 1118286
4174592 3073365
1342975 1241284
1291283 1158261
2389099 2035311
4276352 3976994
4262063 3063257
4420412 3294780
1399477 1288090
22560659 17200712
4494181 3093672
2339948 1636441
6856495 5092182
3393945 2413625
1669583 1000183
3166555 2064689
2453730 1730167
1609293 1067959
2493649 1729282
1717298 1202377
1558539 1079513
3832728 3112717
1396083 1320934
5433524 4410147
2966431 1902008
1495316 1062342
1334040 1231635
2759354 1958215
3753680 2708535
1567115 1424119
1597385 1433361
1992327 1718207
1774199 1590339
23195256 18610453
2896911 2052419
3678410 2625830
3045898 1842146
1636784 1083879
6984603 5047823
1704860 1113659
1917248 1300419
1964407 1335456
1600855 996583
9310040 5146311
3234272 2065533
6873595 5016439
2617048 1828306
3123714 2211960
3040937 1905141
3835073 2782878
3350278 2351137
5418446 4001089
1525716 926176
4275646 3592332
2555427 2123678
7527203 4212333
1686125 1060649
2404422 1740287
2293070 1581237
2406749 2040632
2496022 2181118
1392813 1259596
2182963 1885649
2402574 2091120
2482211 2117750
2848010 2372370
1539531 997036
2904035 2074408
2033567 1756145
1763839 1157646
5352024 4361905
1994287 1072442
1667666 1493043
1239066 1140842
1385028 1278007
2234606 1881705
1409692 1276928
2511244 2171891
1286646 1179221
3630984 2984528
1714206 1612853
1548113 1397503
1377822 1270302
1117183 1043273
2453308 2119341
1875887 1619909
6991582 5529374
3263675 2107687
4190285 2918958
2795506 1895933
2224503 1508975
1536303 980870
2438157 1825779
1254938 1156119
7782826 6128489
2563253 1537703
2585240 1872755
4132408 3043581
4242371 2976702
5818827 4316109
2088844 1409520
2052178 1860560
1458784 1331823
1418077 1301797
1662103 1454151
5476739 4424790
1673422 1058032
1684185 1123917
2086591 1442509
2228749 1281740
1746232 1165039
8571104 6405946
3200307 2294980
1671019 1055933
4172887 2951662
2337792 1355046
8063586 5999641
2847688 2016788
3200884 2303310
2234190 1517698
1964537 1076660
1577452 1048804
6632797 4987774
1660877 1076953
3356266 967748
2574750 1808139
2571268 1755680
8595576 6006859
2053057 1174445
2919407 2069471
2140014 1467998
2574052 1714742
1812263 1217910
5591196 4203208
2734945 1930705
3181775 2625814
3464913 2832809
2452539 2162534
1782926 1595130
1324600 1229012
4418040 3599830
3844310 2823445
3829233 1366577
1965452 1276932
2017546 1357668
4253694 2923779
2926435 1997639
1899594 1279693
1684373 1086465
2035538 1342343
3613612 2593589
2117096 1373304
3723679 2679619
3001798 1859767
1622896 1088956
1671894 1134060
7956444 6248212
3601158 2547260
1782279 1210330
2537124 1729894
5114129 3482840
5382319 3949336
1706879 1083633
5362983 3081108
3738283 2664305
3277798 2358446
2624855 2213034
3441799 2313384
1703456 1100922
1844027 1234279
1738966 1067834
2410518 1695067
2667349 1968895
3494676 2941429
1506466 1350490
2449734 2105647
1474132 1355468
2673650 2337824
1348493 1251943
2866845 2465468
8970839 6093430
5247101 3757372
2957019 1827620
2054961 1398728
1642880 1038181
6589205 5176144
1709417 1083868
2103257 1477670
2850404 2042784
3838748 2747203
2177605 1975472
5160984 1141711
1535077 996845
5210699 3849261
2259834 1570911
1923395 1293015
3196796 2297087
2531381 1766323
1786120 1227846
4900831 3413800
1783638 1158221
3772387 2770899
1731067 1033231
1410462 946135
2177960 1884240
2407935 2090406
2317286 2017752
6336500 6213499
1889277 1026670
1705037 1173626
2462474 1722528
1678696 1025654
2670493 1923508
5205432 3791748
1911542 1257554
6498438 4597902
1606782 1053716
4430614 3212160
1957407 1291848
2173805 1519847
2798529 2018045
2096802 1396524
3118465 2283360
2001335 1115753
2426892 1669981
23824077 16027732
4390050 3017213
21698450 16496328
2309286 1359724
1588275 1058539
1765781 1176836
2839138 1989596
1417255 935267
1894092 1261947
3953866 2833439
2743343 1912835
2352308 1587978
1708334 1160755
3164475 2218986
4713244 3330826
2796433 1935898
4073837 2976011
1686949 1119584
4356325 3466952
2020915 1327167
4816116 3903405
3452546 2598586
1740090 1127316
5955132 4861504
4022407 2813896
2380732 1630108
2189765 1458987
1911141 1294168
1820080 1224781
24550163 19280418
2325451 1415598
1626203 1096816
3767353 2728870
7245636 5371114
1795071 1128521
4427812 3255513
25088127 17494729
4327322 2992646
2071621 1438041
3458857 2433458
3758296 2724654
1717737 1163600
1633440 1071039
1605004 1052072
1698688 1076240
4014314 2970005
2882844 1757557
1658136 1088391
1594533 1039483
2851119 2091908
8145604 6001301
1682819 1107450
2373580 1659631
20859097 15712838
2262631 1318095
26430442 16360856
5039055 3543493
2426262 1665422
3114346 2223718
6573683 4842412
1750134 1121045
1836557 1280951
2863426 2045999
1837070 1019591
3385690 2840321
1313131 1219568
1309834 913558
1234244 1158650
1599818 1426802
2074544 1885829
3370672 2811781
30777123 21202571
2324778 1421863
1691791 1119872
3711469 2717437
1750903 1137474
1875046 1286638
2096540 1424757
24174478 16574100
2245590 1370034
2642452 1838386
1680777 1112573
2053326 1433673
1865843 1242645
1987425 1390844
2541861 1760306
1612364 1077310
2003376 1373624
2059548 1345868
2011168 1163562
2510857 1728134
1666361 1201911
1319759 1221242
4002617 3302430
2390947 1681312
2086439 1530117
1308330 1195887
6205418 5028649
7470435 5301717
1700058 1119191
2883214 2009178
2032068 1428769
1858258 1248970
2743706 1926506
3864106 2832071
8539896 4573546
2895722 1818422
1727320 1199446
2185187 1505730
3098698 2191851
1582496 1076393
1744232 1121464
9352139 7610857
6758858 5298010
3587706 2297027
1681750 1125274
2597951 1834291
1919856 1258379
1638353 1118254
6904788 6019671
7047585 5128504
4241302 3105058
24088570 16429260
2266273 1360461
6894625 5130087
2025381 1371775
2632574 1844785
3399457 1517464
2620294 1790600
1634567 1100790