6474563 4734833
10524785 8118418
6099652 5076108
35893346 24756165
18034650 11876164
24027656 18026330
8341049 2781760
5370524 2998663
15275790 10307948
7503134 2855470
2661815 1414094
3299506 1985160
2523242 1106047
2565395 1575794
9956036 4444542
2960907 2105469
5373628 2299829
3391266 1636321
4461883 2953008
2554525 1467085
3337081 2177658
7810302 5677784
4538912 2006453
3223799 2261675
3332557 2456769
4012145 2610067
3981724 2824794
3529028 2151395
4487917 2611973
3384457 2190522
3425666 2361831
2171928 1358866
3726396 2396416
5284414 3135451
2431665 1607084
5432626 3831853
5794597 3375738
2868735 1704515
2712422 1719438
5841835 4746436
3996116 2724885
11252329 2691266
2119594 1291896
4198425 2391629
3168375 2035110
2837702 1687122
23560898 10470437
3811888 2461888
4972751 3303386
4164135 2511801
3232283 1588334
5022229 3480684
2268329 1430282
2376156 1313854
2326632 1441936
6259122 4507787
3159348 2167240
2583222 1684275
4408775 1452496
2758670 1780409
5521633 3924551
2977553 1937383
2698312 1556897
6220022 2323132
4313228 2489717
1845204 1027510
9219754 7539451
3922095 2530744
2810963 1853129
2071276 1361635
2394867 1303128
3507065 2535254
3773970 1820332
3030814 1952899
2407047 1438315
5167664 2752349
3483868 1626797
2212868 1453217
3023362 2038361
2859278 1915037
2354693 1459477
4320113 1572247
2919312 1637643
2778369 1776980
8187237 4077887
17643996 8401403
3324839 2079640
3462073 1996557
2601862 1709302
2384763 1573416
3360470 2564386
2981035 1822790
2414477 1564922
3236076 2231884
2997405 1980951
2289948 1445834
2928591 1614587
2348252 1559485
3306519 1948042
3441188 2668038
2438463 1617831
3847950 2513112
5403667 3478862
2483927 1569730
2548310 1743589
2643283 1711973
3398618 1685444
4847104 3184977
5320718 2876152
3215409 2138695
4538386 2022756
3922017 2411031
2154168 1333564
2342754 1505844
2213981 1448314
2367976 1504593
2535999 1353371
3921910 2645341
2344558 1515742
2130848 1414104
4017194 2708271
3481819 1416341
2129439 1382994
2228775 1402950
2188284 1428618
2265227 1368201
2150440 1395020
2343978 1265936
3403278 1824653
4292567 1299941
2396709 1535714
2247352 1413999
2763536 1874206
3119624 1882620
2541276 1703690
2991744 1985146
3934458 3227632
2954789 1992629
1963617 1263725
2951769 1652410
2910208 2200432
2140109 1364580
2659189 1338622
2602928 1726799
2458217 1597941
4361244 1567651
14190024 11282080
4325035 2879596
3660070 2653222
3841799 2940980
3829668 2735221
2150094 1395712
2927605 1643551
3037102 2016913
2562596 1671340
4103908 2620701
2229929 1428471
4781695 1284438
2764611 1787406
2098876 1361522
2481987 1616798
4375846 2780683
2382609 1590755
2891409 1957914
2127838 1361767
2337032 1485428
2335232 932337
5031556 2772370
2366172 1528168
2152896 1449095
2301574 1453740
2562527 1751467
2181948 1316126
2302249 1311763
2809182 1549525
2530213 1636790
4906700 1717718
2591189 1705322
2334259 1270728
2114792 1370726
2242103 1413942
13487175 9495780
3315434 1595353
2721824 1769578
4455078 2194925
2024939 1259756
2473724 1390716
2450986 1584105
2368890 1501379
2082952 1296997
3854034 2657612
3143257 1860294
2046632 1343033
2038890 1269799
2358943 1486919
2438918 1600185
2051547 1293543
2777491 1592726
1966735 1293791
2095143 1274486
2775065 1921801
10806743 7803685
3446566 1444916
2712536 1793813
2606325 1726739
2168679 1326199
2006846 1398757
2544684 1409874
3053939 2016441
2157394 1279113
2066367 1256981
3693284 2492930
2787534 1597215
2465325 1645529
14699944 13941169
2068712 1311566
4296066 2685324
3147777 2103042
3502160 2508065
2043007 1274927
2544286 1712834
2971410 2127348
4345164 2753529
2436706 1564560
2351452 1541875
2595173 1665708
3931022 2731121
4556310 2114603
2839048 1878506
2294464 1486877
3217261 1926076
2123191 1333103
2758335 1771080
2271275 1423389
2450557 1439319
2119023 1369840
3746407 2476115
2133413 1445605
3018924 2066774
2645224 1424964
2729939 1522474
2112206 1360290
2626729 1664949
2261250 1480565
3159243 1862729
13200638 7140147
3719523 2530387
6256544 2092466
2531385 1635431
2668826 1261968
3189979 1703796
2482759 1715428
2106476 1278839
2194893 1357764
2697815 1511457
2371940 1449751
2314189 1414557
2802471 1865252
2354496 1318871
2603029 1708998
2243324 1421874
2562188 1672776
4364680 2855572
1752569 931365
5889504 5043263
2932397 1930667
2786766 1810234
3430163 2125254
2041421 1299584
2035550 1313089
1915281 1196268
3209926 1958465
2728695 1806020
3639315 2539962
2266847 1448840
3467898 2387286
2378012 1335033
2151789 1427962
2100539 1315995
2231928 1482652
2040960 1317724
2563148 1685922
12370648 7098227
4264373 2011063
2411090 1591927
1683893 1500235
2589393 1498602
2645824 1797346
2792615 1875804
4797822 3874906
2894937 1716405
2038506 1308596
2233220 1451507
4148474 2648246
2474843 1610044
2333663 1576693
2357538 1322848
9792495 6922774
3812725 1596682
1958849 1309656
2172761 1467163
4129087 2803824
2711286 1578168
4546426 2259415
2946501 2016155
2068951 1386425
2351853 1563010
2721474 1632914
2240721 1457593
2602578 1747183
3681486 1200763
2144193 1368967
4119869 1500106
2659692 1834778
2121680 1385735
2209752 1399675
1983762 1267786
2842658 1909818
2437286 1323386
2329693 1473587
2036825 1264797
2719298 1912004
2488258 1677884
2909766 1755165
2822411 1884103
3594042 2461444
2983066 1882956
2774192 1915725
2652578 1478301
2024035 1336748
2172477 1370543
2088733 1360251
2815508 1885649
13548261 10761888
7043362 5984522
2650690 1810632
2309680 1495074
3107362 1678619
1898576 1168694
2124385 1279362
11588509 6865600
2212856 1434022
2105493 1385107
2451549 1510929
2076117 1293277
1887680 1219999
2041965 1277480
2077179 1294345
2849447 1746139
2271410 1518476
1877486 1187224
5504610 4027178
4578027 1501722
2060589 1286449
1824482 1665365
3067252 2757228
4347937 3509950
3302133 2663989
2382441 1652243
2270772 1258900
3827215 2978636
7152920 6075166
4305508 1676976
2116544 1477516
2503893 1669141
2700749 1594997
2196097 1428110
3196557 1914870
2898453 2132312
2427077 1560695
3798639 2572989
1982860 1279939
2683330 1582143
6210668 2535726
1939046 1208535
3099791 2167475
2355169 1533653
2039401 1364972
2487266 1385658
1972573 1277095
4439690 2863718
2777123 1829739
3469589 2310114
3800985 2362419
2139052 1345409
1925983 1261373
1784875 1035937
2238075 1540705
2341263 1335267
2386073 1623251
2476459 1632282
1798142 1212139
2974099 1644012
2308732 1314509
2556511 1732153
10070179 7147613
2800639 1698170
3753600 2972651
3031597 2119033
2507219 1630177
2209664 1471959
2814262 1625163
1923899 1282745
1841398 1250075
2082657 1303499
2701962 1582756
2207981 1453251
2295947 1445722
2313710 1531643
1799419 1172768
2106061 1164964
2163477 1377880
2148883 1444260
2688610 1860692
1584068 993801
2521967 1502257
3367360 2341860
2214568 1176128
2040929 1407781
1926610 1239946
2410042 1665943
1821314 1245979
3662353 2498095
2575157 1499224
2321509 1580479
1826995 1180323
4258687 3572556
2006442 1351740
9630451 6769453
2545024 1562926
3448768 2366379
4870308 3640941
3460506 2371143
3521671 2211263
2043535 1352039
2433821 1664161
3627846 2539667
4229467 2620236
6676061 5930459
1926396 1315204
3786184 1346122
2537320 1672514
2311593 1305135
3481514 2440541
4994283 1707568
2186125 1497541
1872886 1216545
2320339 1616884
2985321 1766006
1926741 1278775
4008087 1774024
2055153 1226955
1801314 1227250
10119155 7050889
2870502 1993963
2172632 1426950
2501657 1508024
4579420 1589991
4469134 1273520
3908282 2771196
2223194 1501518
4451403 3110526
2918778 2037096
1932383 1252557
2119711 1460875
2215507 1473747
1805179 1206184
2418906 1389015
2179769 1416602
2164957 1445003
3823394 2700768
3094712 2011980
5421043 2418686
2036675 1462066
3927002 2438072
2061047 1282390
2543914 1727487
1876669 1202066
3841668 2706761
3264235 2039983
1713227 1110006
1862835 1204473
1909039 1332549
3909988 3542742
3880844 2707744
2558607 1722784
2987759 2028725
1811005 1204586
2037738 1318349
4593959 3312147
2372093 1622181
2009134 1328255
4807582 1733257
2154689 1395453
2466748 1496694
3849517 2524890
1805926 1185681
2544261 1688290
9773803 6987158
2171804 1977082
3601921 2366756
2675628 1289429
5728354 2695359
2606968 1501637
1895207 1199959
2951737 1982805
2159690 1373819
2510915 1521925
3248146 2219536
2397616 1585748
2868178 1842026
2331231 1481618
10002449 7171046
2669804 1666337
3613735 2420235
2387450 1628249
2152060 1440473
2200602 1422040
2977502 1746799
2131788 1450217
1826348 1240558
3006346 2037412
3535147 2420280
13328075 7211267
6630527 1524447
2307964 1298466
2670076 1822622
3085701 2051694
2282176 1566605
2340618 1562071
3003734 1807492
2039556 1332179
2252132 1230506
3647418 2498615
2798186 1935299
3810420 2453507
5818502 4533968
2689819 1786013
2106980 1376942
2193226 1203614
3308673 2278113
1938312 1283725
3159346 2187376
3764770 2610832
4052371 2640956
4080715 3401015
2326365 1523659
3010829 1814973
1862199 1199226
3940951 1473032
2013967 1168886
2333673 1592736
2369390 1373022
1714368 1135431
4533785 1943535
1821118 1248095
4215965 2866128
2163084 1197917
1729787 1120945
12384801 6907317
2276166 1518931
2661038 1801084
3779578 2352341
2248911 1485687
1953155 1251835
2326896 1551755
1930404 1232244
2790115 1713422
2075072 1714971
18878336 16031307
2719466 1642271
2162073 1442360
1812707 1139455
2148889 1379744
2233201 1492931
4462156 3184039
2258597 1262808
1885941 1159575
3433443 2332335
2451723 1664712
2073300 1373843
2418139 1426787
2647113 1742782
11448292 8596506
2110362 1330805
2327255 1320142
2135495 1379486
1946383 1265626
2255665 1488118
2396139 1606459
3294018 2690242
2567979 2211163
6438258 1993681
1994052 1368661
2128706 1424437
2333107 1602322
2001839 1327772
2226372 1314441
4979984 1994121
2175523 1492813
1814970 1175849
2495604 1602493
2415749 1313127
3708159 2630164
2448505 1422315
2133803 1460523
3411215 2359415
2405759 1655788
2460905 1460583
1811806 1103591
1689572 1144535
3762198 2848975
11808543 8859277
2251680 1293114
2106511 1405371
3302349 2273689
1879932 1244058
4053865 2926717
2100819 1199137
2512249 1746466
3737386 3018276
2496322 1684654
6138378 1666417
2852319 1823505
2218911 1442124
3158123 1583977
1846090 1219522
2197902 1417178
3701011 2392935
3786520 2559981
2222703 1213206
2888530 2022021
2284224 1151999
2425241 1357839
3381927 2351247
9357453 6826703
4249984 2768835
13089652 7426080
4100900 2913758
2863783 1666273
1658970 1083502
3067614 2134773
1694182 1088548
3363232 2309746
1804335 1120568
3185418 2006270
1690395 1090782
2691696 1812941
1659443 1118824
1996628 1314597
3922400 2564975
3026282 2089154
1823361 1084828
2757578 1859654
2096557 1387714
2524051 1505670
2584903 1780947
3217553 2202216
1614260 1035031
2541956 1589906
1330586 1225186
2368077 2035080
3256348 2668362
2290208 2069198
1812316 1596672
1493482 1334007
3990940 3166068
2071983 1349341
1900535 1034974
1393450 1244714
2312457 1956034
4122806 3986220
2923746 2524548
2034282 1751281
2079787 1758749
1635173 1508060
1925757 1727673
3678389 2566864
1833502 1127983
2577248 1714902
2587587 1472246
2415120 1685443
1995226 1288164
1814355 1676093
1323536 1186306
2490268 1689798
2069122 1867642
1967667 1726053
1233975 1137774
1930311 1687738
1799081 1594965
2797188 2343379
1756422 1626932
1327482 1232137
1430822 1321723
1812587 1594526
9589491 7563265
2993211 1867309
1767314 1152179
3202347 2179443
3522243 1020719
2548152 1566424
1947444 1254028
2232597 1530916
2484848 1649104
1754479 1131987
2143849 1199161
1754205 1063126
2065343 1851466
1661386 1510321
2212791 1886166
1757804 1563120
5841491 5560721
4616798 4517085
1690360 1101122
2075677 1371846
2126156 1366102
1675949 1116815
2602894 1594308
1886129 1262627
1817463 1167131
3624284 2560809
1985110 1303986
2243527 1317555
2600846 1805396
3004640 2143250
2105379 1381452
1928181 1276402
1917601 1152937
2180070 1350372
4860693 4749871
1805829 1142046
2858643 1982169
2123111 1390291
1939447 1062983
1698425 1085289
1913901 1663033
3326176 2776832
1437753 1301057
2290441 2066955
1349815 1243197
4129957 3387158
12306772 7465138
3027134 2158446
1838381 1207645
2591332 1568038
3637660 2534519
2095873 1361657
5517829 5045801
1870269 1258996
2359514 1348981
2580165 1799662
1834214 1133804
1893876 1181003
2509942 1706055
2101156 1429854
1817614 974931
1741594 1539270
1584465 1390934
4423038 4255796
2316051 1519212
2092746 1043349
1981037 1227569
2571057 2167392
1614820 1416028
5528424 5389673
2355586 1537871
3868424 2490375
1749972 1063777
1655309 1044104
1760748 1144083
3818464 2674767
2354288 1348711
1863041 1258949
1557303 1038775
1953986 1665961
3139727 2611540
6434044 1712717
2278193 1546295
1642011 1033437
2481984 1668130
2677928 1569402
1810381 1124566
1424610 1327035
4907602 2767614
3542289 2471271
11543875 8682253
6979485 3832130
2043761 1365479
2159546 1468957
2054254 1277260
3113533 2172765
3170376 2273041
1648121 1091746
1776171 1128404
4183368 3456160
2076672 1330454
2555864 1699745
2030281 1088983
2342522 1621719
10108876 7377123
2394377 1394221
1809442 1133738
2255388 1515302
2602736 1617037
1552471 1328273
3089180 2541722
9017410 7024090
10399750 7343313
3899062 2815615
2121284 1381042
1835479 1159244
3550728 2475473
2272653 1493689
1972143 1132242
1899578 1680913
2005533 1864684
1255948 1153128
2845025 2699101
2121243 1907133
2560507 1752358
2686045 1903822
1925690 1273687
2041135 1322683
2360448 1381821
1758054 1150767
1873270 1656296
1331511 1232994
4674122 4560405
2453159 1604605
3776260 2418779
9548704 6930379
2762808 1659386
2297356 1581308
1897024 1150266
1861279 1227055
2251115 1509457
1714800 1079365
2569681 2381428
1764329 1555045
1630312 1465283
1749984 1538360
2108621 1796677
1811045 1598500
3864183 2108791
1733519 1126680
1949645 1643472
5137865 4753527
3448224 2438799
3416616 2054374
1686336 1062439
1849395 1196851
2184189 1424352
2050215 1305283
2096608 1168007
4075877 3151114
2274085 1548376
2988675 1983600
1865908 1186783
3226413 1979569
2282221 1539529
1682774 1524758
1410183 1273305
1906028 1218198
15547188 12494818
2449131 1477180
2421876 1460149
2199827 1477778
3536959 2503113
2344753 1555876
2680816 1653926
1995611 1270310
1822548 1204316
4755923 2314935
2529193 1680448
2588370 1527301
1829123 1212446
2133033 1408513
2941282 2425751
2226849 1452825
3545595 2465395
1984477 1748138
2114809 1798346
2991416 2451178
1409540 1267671
1256456 1159006
3466660 2887430
1449064 1313601
1727151 1520497
2417037 2279500
1455782 1313141
3007698 2479700
1599734 1430254
1764584 1539211
1833214 1680238
1879063 1651743
1349261 1249057
2872947 2352494
1854239 1637386
1804928 1647365
12609939 10412271
4395584 2915007
1735258 1073178
1692371 1107848
2144715 1402687
1741012 1600025
1550729 1385856
1732359 1545450
1393480 1280930
3283981 2102299
3252133 2697380
9220438 7145922
2619829 1532994
3313727 2313217
3584727 2463304
2044183 1288788
1981959 1299938
2240073 1244960
1247393 1096626
5322871 3071456
4220044 3010333
2220191 1241302
1309123 1140645
1630289 1442503
1394640 1251052
6612073 6443298
2260859 1560571
2104529 1071774
1735931 1156381
2430212 1645113
1582569 1010541
1762742 1087994
1937406 1701040
2421016 2111878
1901048 1652704
3210382 2651156
3399198 3155274
1975633 1300162
2605141 1728724
11267796 8948269
2001350 1326093
3233780 2023271
1398851 1264853
2401885 1612853
2042756 1279044
4825792 2396108
2479953 1439087
2174972 1406730
3217265 2218671
1623655 1012137
2510382 1707205
1720504 1599070
1297087 1178518
1801199 1567442
1370640 1257810
9381872 7272760
2855045 1852336
1695187 1099552
1739759 1090951
2274232 1315655
2206737 1451657
1657849 1077038
2016002 1399475
2735810 2388167
1596769 1439448
1815423 1575256
1878898 1655075
1382594 1255192
1801066 1644986
2210924 1885071
1812519 1589239
1335515 1234778
1530655 1363596
1342608 1219804
2256309 2007955
1469160 1327067
1586145 1424833
1408047 1280388
1749619 1517128
3160969 2708655
1405195 1227761
1616253 1456162
2444362 2074024
1306904 1203694
1858209 1640925
1686744 1558105
1659544 1456581
2913557 2760583
1567485 996672
3599033 3027762
1682116 1485923
1245023 1135778
3058772 2509155
1805332 1051133
2201338 1496934
2097333 1149261
1734391 1036352
3045700 2470399
9660331 7519756
3890543 1492711
2411753 1668058
2492923 1657304
3864383 2449457
2362579 1517497
2781897 1919818
18067523 13291730
2493484 1455339
2218938 1457469
2119969 1356297
1721627 1116739
1861062 1197611
1763425 974154
3548365 3330273
1478273 1349241
1740044 1514443
2983258 2494059
1781842 1641932
1276913 1178282
1872633 1601085
9600490 7577635
1951249 1280999
2330770 1585529
2319831 1330854
3244539 2290753
1736076 1084220
3337548 2291881
2473264 1525584
1304826 1199246
1594749 1413479
1363497 1229807
2053372 1862591
1282729 1180135
1456226 1295756
1426578 1304393
1732952 1554330
11402128 9231555
2224548 1489962
2012876 1098110
3599681 2548856
2303746 1570716
1927245 1020750
2196142 1895551
2723200 2308689
1323188 1226511
1529495 1351803
1785432 1589829
1897240 1715645
3204717 2658800
2977364 2417802
2209967 1912197
1718822 1490854
1966543 1773847
1620292 1478276
3901787 2709023
2252881 1423534
1430898 972014
1970943 1783330
2470705 2266048
2850800 2426641
2581727 2243210
3934222 1660894
2533773 1504577
2081034 1340735
2144017 1890258
1420175 1295096
3947071 3294142
1708981 1447415
1532205 1366315
1688677 1529049
1446350 1297819
2169474 1937943
1343901 1221160
1768121 1545811
1478742 1334104
2556768 2201023
1449820 1312176
2836875 2482765
2829424 2375468
6628989 1151859
2616268 1725879
2493045 1390750
1830839 1214607
1792511 1141266
1630062 1073824
3568397 2732687
2219494 1463913
2257077 1450057
1624169 1060252
2057991 1352525
1733521 1091082
2092530 1112565
1846564 1191063
4378061 3055867
3017954 2518177
3601850 2999445
3273244 2724428
3099132 2574210
1986532 1715514
3975472 2199855
3156054 2193514
1612804 1419028
1689582 1497704
3470463 2924179
1604986 1458179
1547646 1383403
1823798 1657574
1705442 1536224
1788184 1596750
2126186 1821630
2058315 1777206
1492900 1349387
1672928 1552551
2411209 1753284
3215478 2653155
5955396 5444675
2244313 2013624
2879706 2414368
3051673 2597606
2482247 2122608
1886804 1662189
2070591 1785646
1773422 1542937
2104407 1866709
1455594 1322437
1692077 1488389
2127368 1818943
2127489 1355733
3688797 2318134
1673317 1010914
1663728 1028627
3994393 2804540
2104544 1382609
2215301 1254584
1599614 1065777
1716475 1503168
1467355 992172
1387801 1269051
1831057 1660455
1582736 1437942
5114759 4955347
2187101 1419057
3413072 2273120
2411946 1440630
2484943 1671651
2500482 1675327
1823209 1198191
1704495 1538179
2688717 2217898
9785176 7691653
2178963 1466814
2248200 1545557
2396650 1425567
1843977 1097721
1754313 1093930
2556654 2121753
3117999 2590693
1821190 1681509
1913255 1700517
1463733 1334291
1648124 1454600
10890748 6947077
3015823 1844044
1783069 1046828
1628011 1037762
1856314 1228188
3687326 2263495
3199995 2211686
2056802 1773684
2408889 1658451
3062306 2071783
2972668 2616871
2971081 2507843
1714795 1531792
4228862 3941764
1801605 1147397
2104711 1239426
1399336 1267731
2124653 1437997
1739681 1072381
1765396 1077706
1820496 946250
2163374 1417742
1667848 1465885
2234575 1923202
1266932 1147251
1276677 1182459
1939601 1761957
1997701 1755158
4967364 4683537
1644328 1015134
1629402 1053659
2221566 1243010
2520934 1724232
3383477 2307554
2111614 1353946
1519113 1042767
4589078 2479638
2005256 1049599
1851589 1173166
3813163 2600836
1945541 1265029
2166913 1193599
1727457 1538504
1842902 1698355
1731638 1056801
3208792 2517939
1846448 1221739
3538017 2400319
2159113 1455856
2234609 1275963
3352408 2367599
2510162 1660221
2063030 1303310
1588833 1036658
2547987 2204852
1409417 1277847
2199846 1923229
1368812 1246588
1489203 1367443
1581969 1440266
1908915 1726329
1305845 1162544
2298596 1967941
1642771 1473092
2856700 2062277
2427537 2127221
1938771 1725638
1903381 1592739
1410579 1292708
1623982 1448032
2308271 2013778
2026422 1810833
1768961 1513060
1898246 1657224
2488822 2072566
1530130 1386030
2745394 2378788
1442252 1266511
2211649 1893998
1280430 1185035
4288482 2368245
1804209 1160317
1995883 1190772
2830495 2410844
4959567 4662150
4632174 4541325
2110021 1346487
1769871 1169050
2065730 1094038
1323245 1201137
2470909 2093795
3235626 2650096
2688769 2308541
2027587 1880730
1859137 1695787
1462288 1341756
9048451 6977400
9747141 6894621
1849492 1195680
3444672 2731535
2202380 1185634
2787539 2082300
2160990 1490150
2858184 1999648
2786313 1604886
2992580 2077754
2766362 1882968
1588419 1034121
2400930 1597299
1569454 1355393
1817863 1680168
1312428 1214264
2120183 1809681
1686161 1597011
9675334 7452658
2182646 1436969
2805845 1699832
1845596 1137222
1618066 1042571
1681225 1490117
1280552 1186943
3416853 2787381
2172063 1963803
1330612 1212489
2803069 2393257
1966144 1700142
1292561 1197360
1725130 1528453
3487323 1860330
1642109 1025741
1796388 1627822
2069980 1762918
1600727 1504714
2119062 1813216
1369823 1242815
9167604 7007145
2435592 1444451
1945623 1314874
1907625 1220897
1595758 1009315
1672322 1174671
1961140 1782786
1382434 1262677
1678587 1500045
1337421 1216620
3992563 3319602
3228827 1435686
1756875 1114548
2840288 2490527
1698638 1518232
1760906 1616452
2140581 2009037
3132687 2136951
2246832 1489807
2085845 1880454
1380408 1254493
2903264 2401376
11413919 6968973
4393138 2885656
3186323 1451646
2040963 1348570
4245155 2894996
1761900 1167078
1709343 1048691
3312296 2721636
1987774 1722552
1596137 1491627
1519065 1363659
1264784 1173272
1716445 1516609
1349022 1207390
1198241 1107645
3134638 2646434
3124817 2586112
1984357 1723108
1545935 1398388
1080383 1020456
2381827 2095755
1709555 1524133
1857006 1614061
1255790 1143772
1236142 1123393
1683425 1488747
1389778 1324504
1331353 1189809
1188584 1106583
3150432 2578687
1997580 1749455
1697722 1511110
1982250 1785896
1296385 1189301
1484685 1328065
1234657 1133272
1712678 1104513
2565391 2238050
1303407 1220680
1281070 1171788
1498237 1339291
1892098 1727013
3880218 3145546
1299927 1203342
1566600 1391398
2090957 1886382
1368089 1253027
1618356 1448739
1990603 1780559
1609293 1434906
1708362 1605737
1425079 1311477
1331894 1242082
2423650 2089412
1824933 1604541
3513515 2955342
1343536 1253427
1373167 1230947
1162231 1071437
1733946 1523164
1901271 1723800
1341290 1219979
1694419 1485922
1417408 1289059
1537907 1371720
1363628 1242463
2099240 1904755
3151892 2585178
1947377 1701604
2704400 2257208
1713239 1530240
1546801 1448906
2129196 1833142
1418927 1319794
1464837 1306607
1494266 1312838
1561183 1391820
1841852 1692517
1637135 1442192
1280731 1173554
1229380 1122128
1251949 1165235
1317213 1207535
1749778 1596840
1220656 1133872
1532900 1356924
1534899 1382012
2091910 1814158
9279737 7205325
2023519 1095773
12701094 6913127
2057283 1398967
3043997 2150945
2602855 1501252
3868235 3127625
2940593 2428287
1764443 1546143
2014070 1823645
1414038 1271370
1448981 1318437
1620713 1428876
1208723 1104455
1179214 1088162
1474799 1380263
1670764 1487469
1694135 1497209
2710400 2284538
2124149 1946905
3137356 2631485
1298553 1187499
1216033 1134277
3069816 2519007
1493948 1426394
2677101 2276273
1274544 871900
2273125 1951383
2805802 2323343
1830218 1668305
1416389 1273874
3169195 2608109
1262575 1172072
1360251 1252990
1470102 1384526
1703093 1517867
1489563 1374202
1221644 1135981
1510695 1345294
1829765 1657340
1214048 1138245
1491933 1339431
2927381 2433595
1310928 1203591
1391631 1287137
4149109 4061373
1836402 1647135
1239700 1137668
1261109 1172964
1753829 1551534
2070640 1781988
1679849 1553293
1412001 1280370
1535761 1376409
2187019 1874019
1789542 1580899
1423955 1276351
3011407 2581441
1277249 1186100
1503363 1341096
1765800 1559006
1640015 1480515
3794290 3182949
1339071 1249826
3175210 2670787
1182259 1107913
1633208 1476606
1902722 1767941
3087143 2550200
11499127 9147439
2063906 1139694
1545555 971430
1253060 1167717
1283325 1166675
1489808 1340492
1119850 1055835
2065809 1882422
1435441 1300743
1440043 1292112
1432079 1316226
2924514 2468838
1374365 1253304
1496558 1404537
1760125 1566211
1497784 1349209
1189865 1101132
1303031 1200687
2312649 1967862
1531927 1433620
1873255 1628917
1130111 1070491
4598440 1647942
1532675 925620
1580467 900400
1120806 1057030
2796146 2280064
1544517 1396142
1596144 1476047
8958280 6952015
2188045 1472921
1581594 997824
1833466 911257
2808169 2331126
1249301 1148237
1105898 1037244
1315308 1212679
1484732 1417336
1983700 1695126
3002431 2497526
1732649 1511349
1727868 1516241
1183691 1093874
2278179 2042620
1566117 1401414
3509657 2890734
1427634 1295987
1184841 1092148
2064700 1866070
1789177 1592402
1538740 1391508
2017289 1761350
1504276 1442843
1458848 1301972
1524014 1363413
1219076 1141601
1123624 1059389
1685294 1501347
3376372 2867096
1228710 1138422
1745965 1550766
8983436 6984081
2029822 1125631
1558807 1019850
1667109 1042654
1483369 1363019
1097357 1035689
2842359 2368290
1658720 1545137
1636038 1465300
2274868 1937893
1999687 1744871
1118732 1044277
2954938 2573087
1183308 1079464
1439830 1331080
9248901 7080583
12053957 8955231
1949009 1288461
1925477 1292384
4271141 3063405
2121883 1154882
1159407 1074487
1279505 1179246
1583083 1406133
2419435 1612711
11238694 8966674
1989014 1100148
9406528 6851098
2025721 1341394
3583555 2510023
1868441 984445
1673062 1487373
4123319 3955280
11397598 9125115
1942219 1045053
2069438 1407319
1546881 985573
1234896 1139901
1808665 1594971
1841740 1681505
3068607 2583382
3604010 2995806
2825916 2302354
1806801 1685252
1713004 1529859
1584338 1437537
1431363 1293391
2842429 2354602
1785018 1650527
1346279 1209851
1552403 1392907
1216637 1131345
1162444 1068879
1989821 1800114
1162379 1094670
8957176 6977084
1795772 1176491
1882311 967368
2091607 1393431
1211831 1113932
1573532 1389663
1370262 1254042
1569788 1484500
1620507 1447481
1677926 1480636
1378340 1251886
1591908 1417892
11399983 9067590
1953864 1042757
1571726 1040525
1953383 1253843
1215946 1155034
1198287 1107502
1165437 1096766
2115148 1909131
9255005 7208925
1683993 1087640
1545725 985963
3658276 2320970
1852645 1678374
1118243 1053554
1234837 1142646
2077696 1870802
2001341 1718316
1590031 1476398
1523721 1363273
3037450 2538162
11324077 9029844
2036169 1112765
1912408 1254730
1650585 1077724
1375288 1269679
1692454 1509074
2899107 2463214
1611184 1450953
1641511 1460409
2778083 2306862
1803123 1651801
1448401 1273511
1556948 1389724
1554523 1380270
1229004 1129632
1674903 1468081
2422246 2138902
2838961 2344866
1675827 1498521
1149349 1050803
1234730 1147845
1370776 1297392
1409703 1292221
1214326 1127553
1720279 1533943
1749194 1580125
2303467 2045109
1728730 1543572
1150137 1052020
1544167 1384303
1742666 1557922
1250411 1155310
1629019 1515808
1647838 1452345
1991678 1723790
1115614 1039358
1400914 1262137
1123499 1043919
1969413 1794364
1247837 1158386
1125033 1058325
1551057 1381232
1509992 1409834
1213452 1152075
1202921 1109672
1478897 1368332
1876301 1714109
1436932 1281150
3297448 2760319
1719054 1578481
4549610 4389457
1512220 1348799
2959219 2492438
2231259 2028734
1844976 1643174
3446946 2845826
2358946 2043366
1573302 1467188
3193954 2668586
1697547 1492924
2412531 2077725
1187468 1111968
1134352 1066729
2255166 2003212
2341032 2004747
2755405 2267007
4609749 4449255
1637199 1044097
2338243 2030344
1235085 1149974
1524116 1357352
3923543 3289316
1870433 1708328
1537350 1374771
1463203 1314049
1593630 1386875
2915097 2424914
1506206 1417264
1323023 1175223
1353217 1256997
1386528 1259064
2530389 2119755
1960615 1794392
1592634 1406005
1303612 1200664
2042261 1763910
1300674 1211733
1434074 1284064
1536522 1469772
2094550 1784819
1580765 1457508
2140261 1916393
1176331 1103149
1228637 1134993
1484203 1394097
1295835 1197293
1281761 1193126
1293216 1179959
1213115 1124408
3286722 2762901
1325499 1232340
2243337 1911291
3557407 2944104
2605828 2305558
2894354 2457731
2048301 1770489
1479228 1332885
2978146 2478891
1626798 1511745
2855251 2384554
2826424 2352790
1472004 1354991
1867966 1616325
2202453 1948939
1527350 1418856
11153093 8837693
2046194 1149161
3150836 2191422
2702177 1848255
2021994 1760584
1519477 1359159
2334199 2040190
1932390 1715468
1556101 1402378
2663621 2242652
1909239 1654601
1166715 1098737
1612058 1510166
1172453 1083447
1533199 1387747
1298671 1197779
1672294 1547032
1574765 1428918
9568085 7417646
1680015 1108572
1858096 958773
1836715 1131724
1676902 1485545
1243453 1156628
1630127 1462205
2706154 2297717
1523778 1353945
1558501 960458
1839284 1195666
1680419 1046170
1491104 906126
1479088 1393378
1158743 1073349
1977318 1688932
3322420 2710582
1650757 1482414
1606024 1487928
1668300 1495900
1314606 1233217
1578898 1471391
3905766 3824171
2136813 1857466
1562188 1402181
1574908 1448487
11781068 9387523
1813057 1158475
3273061 2320492
1950651 981830
1483670 1023586
2001323 1713606
1964298 1667674
2494711 2149553
2095559 1837527
1494071 1313020
1484007 1351474
1589527 1423981
1231362 1138669
9787751 7655077
2378054 1327262
1580262 982277
1925540 1326718
1481653 1283946
2021889 1737663
2559092 2244160
1293942 1206076
1428724 1299161
1652401 1459478
1274913 1193514
1593126 1487470
1455006 1328302
1555257 1396634
2621040 2196537
1390747 1283307
1861161 1733811
1616673 1447241
1741403 1540650
2890906 2411001
1649653 1443325
2235671 1988905
1816065 1617987
1122003 1048630
1887487 1638313
1649293 1549407
2604601 2180436
1309002 1192900
1419537 1294445
2031041 1842144
2776473 2337499
1610226 1441481
1723018 1488440
1936270 1702700
3492846 2897475
1182617 1112963
3094868 2597408
2042567 1799859
3016264 2512615
2241898 2037186
1798361 1611019
2721342 2293653
1594634 1419354
1279252 1191662
1997326 1809267
1333969 1222820
1518900 1352229
3235398 2685423
1531991 1372916
1564850 1469161
1168973 1092124
1885390 1733012
1457523 1357421
1216669 1131060
1390111 1282782
1293788 1184364
2196710 1950036
5251325 4603251
9622286 7090734
2074349 1125379
1468907 1349881
1221247 1132397
1495407 1430371
1167225 1103488
2665120 2243634
2518329 2094646
2728317 2389563
1878880 1674713
1128936 1060234
1295450 1193407
2462187 2204170
2870734 2366735
3319360 2712443
1985196 1815866
2703951 2251337
2778266 2344596
1479436 1328956
1296165 1201411
2164455 1962328
2384838 2003610
1353437 1229706
1089403 1025669
1173999 1113853
1705441 1595989
1983911 1731571
9113815 7139680
4438564 1392493
1577932 961194
1501330 1339582
1597675 1415629
2082568 1821133
1709649 1505944
1423795 1341935
3320634 2718992
3577633 2943602
2013765 1760660
1580172 1491863
1175071 1087869
1333582 1226322
1205251 1089066
1374074 1287591
1262808 1166205
3019089 2540679
1197938 1113818
1344927 1275674
1691717 1520697
3229887 2648131
3040808 2594163
1812775 1587749
1368493 1223300
1992336 1808687
1959286 1697067
2237003 1925451
2653357 2220163
1549129 1394720
1188274 1093984
1858377 1681777
1409212 1287803
1559379 1390529
1637267 1472617
1331981 1221021
1207865 1113984
1800951 1650345
1319412 1216641
1725535 1529248
1544651 1381496
1264856 1166139
1333784 1229855
3344735 2798915
1302655 1201608
1573767 1484331
1227152 1133378
1445305 1330158
1240786 1145658
1887494 1701396
2054325 1783489
1622879 1432811
2387512 2037099
1572856 1358207
1690431 1548946
1660004 1446651
2389510 2018861
1172529 1085581
3000266 2482239
3686469 3092393
1299271 1211660
1614246 1445201
1224277 1157094
2980256 2512898
1659422 1529749
1243938 1137952
2897820 2421265
1418822 1285183
1640466 1434449
1908392 1665913
9447555 7384218
3047362 1909536
1593672 1059433
2342537 2029502
9726252 7538866
2274928 1312306
1771024 1060514
2478752 2169489
1438112 1293654
1237717 1142973
1613478 1525205
1084525 1016840
1152304 1087732
1174281 1070164
2085889 1819367
1220192 1129117
2290274 2027638
2690340 2270505
3460610 2858966
1363177 1234231
1866896 1621991
1545731 1460052
2816039 2310180
3008626 2460236
1573895 1368163
1497928 1349904
1595773 1510203
1333131 1216025
2675160 2245482
1420529 1286599
1781137 1631989
1632402 1053781
2939685 2054156
1597180 1048414
1654847 1554280
1550917 1359210
2876154 2411993
1216288 1150720
1725914 1554309
2334508 2062074
2867955 2377640
3230897 2707789
2757326 2301721
4376747 4243189
2407829 2034784
1275212 1167667
2577908 2181960
1832214 1672326
1142156 1053927
1703890 1514615
1341560 1223364
1218334 1128477
1862979 1692245
1311646 1192069
12218771 7463629
2330013 1326476
9352305 6911233
1878405 1240161
1956522 1060648
2040179 1308934
1130215 1041249
1700457 1516077
1446276 1333754
1649693 1455668
1508864 1420504
3312980 2764597
1671858 1497874
1185844 1104086
1931947 1754723
1235381 1165984
1265043 1173016
1397867 1230560
2227154 1955224
1708216 1501575
1389296 1275306
1899540 1642389
1295857 1209024
9143150 7122534
2537725 1460452
9466201 6917024
4057431 2610966
1589546 939282
2325616 1900600
1815495 1579019
1226357 1131988
1717555 1586690
1479942 1330035
2856795 2380759
1242243 1155276
1583920 1421810
1433691 1366506
1498873 1348144
1424225 1313826
1560562 1374360
1848522 1610679
1632796 1533951
1369056 1231013
2383366 2041762
1550637 1394657
1923141 1676882
1179392 1108996
1717143 1587362
2846990 2364700
1196349 1109428
1941991 1703404
1466816 1321894
1581317 1462783
1544132 1416451
1261516 1183369
3115461 2620682
2447532 2118536
2056702 1877675
1135900 1071767
9073806 7076295
4534442 1644980
1895281 1221079
1753416 1168657
1447689 906852
1170026 1105157
1735911 1594044
1166698 1099951
3428944 2823274
1346659 1255481
1236830 1147899
1645564 1515491
1562992 1398816
1333300 1230079
1615158 1444337
1458097 1343605
1669471 1532077
1515376 1350618
1334950 1226594
1664242 1468993
2010302 1717966
1126894 1059960
1596361 1491171
1704594 1488510
1158814 1071873
1598880 1439914
1595821 1426978
1579090 1479941
1749926 1565608
2301318 1994783
1316019 1207700
1654470 1482955
2571064 2228525
1565573 1388330
1462048 1349414
3634940 2994241
1253355 1151662
1764786 1640672
1922195 1678566
1399528 1287430
2553847 2226831
1742568 1534265
1847949 1676073
1907222 1652722
1284839 1154860
4397432 4122037
1828692 1658547
1257648 1163223
1320939 1198907
1690327 1483138
2759265 2421073
1279026 1174999
1619822 1452837
1252990 1156325
1816985 1618206
1246126 1146350
1845740 1710415
1151956 1059714
1232685 1143079
3003195 2596964
1349708 1242313
1658987 1495228
11354506 9036929
2044603 1135432
2007896 1326589
2180313 1507382
1703849 1580939
1845387 1677981
1154502 1067574
2723043 2254042
1362739 1260942
1596026 1440038
2927973 2468801
2795999 2312401
2798180 2318231
1940185 1664196
2224221 1949453
3103903 2598478
2076126 1794946
3061578 2560923
2507005 2180343
3463580 2894792
1244575 1160051
1565089 1401946
1209429 1108579
1379066 1232747
1886006 1732798
1139165 1073767
2885392 2428265
1344764 1252189
1895390 1728332
1194466 1102451
1284713 1186787
1394847 1284461
2422412 2090074
1966713 1725457
2164360 1964679
2015124 1727458
2441786 2105844
1280213 1190438
1107379 1039078
1270225 1206840
2005390 1799813
1201792 1137828
1470326 1321479
3475426 975716
3996520 2839534
1574660 1487964
1399292 1267281
2766456 2285585
2072105 1796185
1558971 1427365
1706083 1572053
1120629 1058538
2173111 1895828
1323580 1212162
1968986 1689064
1938123 1784144
3529074 2918685
8938051 6964076
1929112 1050128
9440645 6981063
2128169 1431350
3372648 2271552
1311726 1250085
1202488 1107943
1599029 1429492
2554176 2143710
1934714 1758985
1731861 1535200
2910477 2406619
1708469 1517194
3001176 2477645
1725252 1612614
1182332 1066850
1983477 1734233
1683850 1524108
1232323 1140936
1107373 1035942
1714862 1602723
2244675 1969804
1717583 1584417
1644979 1462669
1341384 1209342
1840667 1703209
1751412 1105503
1828673 1175661
2087934 1096943
1417814 873432
1244602 1147889
1743959 1562573
2852500 2374832
1722233 1514266
1866864 1652156
1630683 1452827
1280982 1165983
1463464 1326772
4529056 4377724
2816957 2363587
3333075 2762047
1380373 1243023
1477867 1316951
2453555 2050283
1858751 1104631
1452451 1304901
1946154 1696328
1340519 1243382
1788128 1564509
1768881 1639990
2368179 2057680
3124785 2646807
2393854 2048508
1296871 1187455
1699582 1516824
1251016 1155431
1848357 1681908
1317792 1207073
2093400 1820727
1222980 1133517
1774215 1601388
1224016 1131610
1848945 1627769
1736244 1524690
2058991 1787403
1338129 1228711
1825970 1670633
1382567 1236001
2357556 2031446
1288279 1174602
2458042 2037938
1418408 1306160
4072554 1780504
1660455 993592
1912348 1650019
3681963 3018444
1401454 1287016
1666297 1550083
1694383 1487291
1479698 1315861
3132879 2644880
2456389 2141287
1604397 1438062
2452420 2109387
1622666 1444660
1512088 1451474
1289903 1198573
1121942 1056625
2811783 2333256
1721755 1514195
2219297 1967465
2792517 2362536
9462859 7331478
2639386 1821053
2239008 1292640
1313981 1218808
2781198 2346225
2393842 2062768
9333551 7287309
2279273 1564531
1792525 1124208
1778043 1016357
2769147 2333280
1380003 1269991
1329107 1228743
1615259 1415482
2338871 2101367
1784673 1588242
1511659 1361948
1614813 1455336
1494680 1368391
2018004 1743157
2271867 2001705
1761417 1572411
1222845 1158461
2094182 1793136
3062794 2547809
1661180 1560123
1187438 1092966
1566419 1408089
1998859 1734020
1218070 1127703
1401405 1273997
1728953 1585330
3118153 2593814
2158175 1831735
8987063 7007723
2667915 1512538
1679164 1057859
1294447 1174237
1704185 1513346
1345554 1267607
1342621 1230300
2623979 2238871
1337699 1232776
3639598 3001688
2373186 2055175
1228782 1162772
2311364 2114195
1258555 1148381
1892576 1250054
9293209 7241610
2086812 1094555
1925187 1272609
1333962 894869
1952085 1769093
1361126 1250816
4357587 4192580
1903849 1659067
1991914 1714627
1540519 1458961
1235297 1138067
1174673 1099333
1230538 1130456
1498656 1350937
2029253 1821135
1116704 1046097
9649744 7520780
2730669 1678868
1990957 1309422
1637939 1459275
1880400 1716910
1218469 1122769
2805874 2361340
2940288 2456971
3296779 2807064
1538669 1396123
1577418 1403186
1294738 1192988
3066646 2577250
1444402 1345090
1334386 1197961
1725622 1506022
2081243 1877966
2014148 1812519
3525552 2967948
1712329 1520671
1699641 1523838
1903773 1723898
2446008 2088173
1343260 1233405
1822310 1580770
1891178 1663305
1816146 1608986
1573557 1455450
3225050 2688104
1189006 1116477
1989454 1835150
1802168 1614494
1793679 1580174
1617426 1475178
1347089 1218312
2022775 1852606
1558922 1384383
1332778 1201861
9329661 7264618
2182381 1210193
1553441 958510
9301488 6922239
12558970 7150465
11523891 8747036
3245648 1967873
3879203 2723888
2040795 1311843
9292179 6744978
2029842 1070410
1499505 918058
1746192 1476045
1171844 1103473
2073610 1812916
2025593 1752378
2019235 1819330
1770891 1529341
1313105 1217212
1253513 1156209
1241538 1147784
1485589 1338876
1896950 1725374
1381417 1249607
11179413 8910251
2048975 1138365
9828767 7224976
2199091 1491614
3502304 2428292
1923657 1042492
1524443 1375440
2346052 2008425
1819218 1613942
1184865 1119420
1231120 1140944
1907338 1735783
2713773 2240758
1775419 1585886
1710299 1527089
1572982 1485798
1423682 1326419
1335324 1237981
3250721 2686791
5621567 2880169
1690911 1042693
4151225 2985271
2310107 1574082
9822829 6822926
1868199 1127673
9810358 7209802
2066452 1136848
3095616 2146834
2277360 1412883
1262908 1142069
4092142 4007908
1681615 1477679
1804936 1645898
1355270 1267744
1748849 1558153
1659670 1515405
1601370 1517543
1594518 1425876
2259476 2024991
1207049 1122035
1832758 1589395
2151396 1852729
1148724 1078354
1973611 1733860
1678460 1573720
1594239 1129123
1098287 1036588
2739115 2248922
1397215 1269726
1494227 1397841
2508798 2105266
1529482 1388937
1275123 1179403
1572971 1443128
1494861 1408310
2909565 2417930
1894052 1694821
2926196 2394358
3087671 2570051
1480344 1413154
1391570 1267621
3047096 2553472
1642395 1466263
1309798 1192125
1468224 1400967
1184465 1119005
1733913 1539459
2351547 1977665
1321130 1234813
2333348 2073239
3505277 2867833
1198584 1130725
1597256 1403419
1673953 1499816
1659632 1551561
1155519 1079696
1615226 1457372
1236278 1136955
1926332 1667862
1690029 1571389
1625707 1038500
1625248 1474779
2028238 1832517
2826953 2355071
1340327 1212912
1146585 1085268
1916420 1737098
1711159 1539796
1629800 1440342
2083417 1864967
1298608 1228692
1911968 1741561
1269433 1181415
1492395 1335190
1575284 1363561
1511735 1364992
2022232 1848196
1113477 1038916
1531454 1367537
3020858 2519091
1527869 1376943
1441191 1376356
1322873 1200815
1130703 1062953
1373495 1263080
1239187 1122259
1695147 1529831
3136279 2657524
2337158 1952750
1395835 1255693
1645678 1483188
5489811 2641917
2241695 1252262
2398217 2073240
1362305 1256971
1306808 1175945
1468862 1295277
1513828 1450084
1415234 1276649
1311959 1223970
1914750 1684684
2305498 1922612
3399963 2870304
1745991 1556716
1173095 1104601
2797538 2398812
1481630 1419625
1505365 1349617
1199848 1110004
1529184 1395645
1732808 1650243
1710546 1541218
2038421 1766810
1433804 1303660
1973190 1682567
1649833 1540578
1431907 1296272
1613822 1428717
1215435 1130078
2137409 1842867
2090142 1799959
1491384 1399017
3216293 2672150
1233023 1145181
2005160 1722971
1234821 1148359
2206758 1957512
1719352 1511340
1181053 1115340
1232304 1141634
1572606 1405891
1252356 1134852
1519453 1428735
1270956 1163762
3102912 2551128
1495753 1358672
1134900 1075003
1470419 1398700
1673939 1487678
4372199 4236248
1132288 1065298
1489015 1354123
1767326 1580802
1616119 1525529
1201198 1101707
1149703 1085179
1494290 1350639
1553149 1397630
1223870 1126663
2062139 1869969
1650751 1469147
1327383 1225774
1187046 1124782
1318104 1207645
1963226 1768301
1704440 1522315
1550152 1397545
2015078 1743874
1530366 1429409
1194672 1106194
1141848 1073981
1981938 1690725
1477304 1346757
2047683 1847651
1619488 1454746
1304573 1222278
1432253 1280634
1222427 1156725
2450586 2193523
1617520 1432732
1253862 1160012
9253445 7171293
2031183 1089252
3822367 2725024
2781067 1838138
2338213 2060335
2021699 1752021
1281431 1178448
1244067 1158509
2105464 1850585
1215523 1111953
1966913 1771199
1389371 1262691
9140970 7102856
9894203 6994105
2191663 1441972
5796072 4763893
1897777 1013190
1465908 908092
1190058 833211
1207540 1139460
1469616 1346754
11529603 9249703
1972100 1045043
1587436 979925
1688825 1086047
1487355 1420666
1217267 1150458
1278394 1173295
1612156 1456506
1341839 1207468
1551718 1450769
1376350 1268678
2468970 2124209
1547855 1398675
3206410 2672049
1524779 1441243
1478940 1346822
1695513 1495278
2896543 2386167
1489628 1345014
1848234 1683710
1283942 1192208
2855878 2339936
1232513 1134930
1584391 1484388
2029654 1818681
2407186 2081142
1576277 1482929
1454260 1333096
1444219 1295896
1231987 1148255
